avg_ac= [3.92902268e+05 3.98858377e+05 5.68476116e-01 5.77093796e-01]
avg_pf= [9.42141038e+04 8.44214754e+04 1.36314988e-01 1.22146387e-01]

 day_num  nit_num day_per nit_per AC
  389931   389013  0.5642  0.5628
  390216   392176  0.5646  0.5674
  385196   388065  0.5573  0.5615
  389572   395746  0.5637  0.5726
  382033   388649  0.5527  0.5623
  386907   382787  0.5598  0.5538
  386168   394588  0.5587  0.5709
  383998   393527  0.5556  0.5694
  376667   385221  0.5450  0.5574
  374616   377132  0.5420  0.5457
  383497   382143  0.5549  0.5529
  377977   378191  0.5469  0.5472
  380690   384914  0.5508  0.5569
  382151   378219  0.5529  0.5472
  390466   387844  0.5650  0.5612
  397218   396462  0.5747  0.5736
  378677   386173  0.5479  0.5587
  375242   377587  0.5429  0.5463
  375571   374392  0.5434  0.5417
  379498   377151  0.5491  0.5457
  377113   378977  0.5456  0.5483
  387061   385018  0.5600  0.5571
  383497   391032  0.5549  0.5658
  389556   385903  0.5636  0.5583
  391978   389978  0.5671  0.5642
  389858   392497  0.5641  0.5679
  395573   398088  0.5723  0.5760
  393444   399166  0.5693  0.5775
  402003   403699  0.5816  0.5841
  400108   409493  0.5789  0.5925
  394855   401202  0.5713  0.5805
  401135   397501  0.5804  0.5751
  388588   389796  0.5622  0.5640
  384734   386029  0.5567  0.5585
  380802   383407  0.5510  0.5547
  377134   381621  0.5457  0.5522
  386187   389710  0.5588  0.5639
  388452   389826  0.5620  0.5640
  386977   392050  0.5599  0.5672
  396083   395071  0.5731  0.5716
  384218   386062  0.5559  0.5586
  374767   386736  0.5422  0.5596
  385407   388616  0.5576  0.5623
  389433   392187  0.5635  0.5674
  383256   397134  0.5545  0.5746
  379720   385458  0.5494  0.5577
  393606   392899  0.5695  0.5685
  398517   401392  0.5766  0.5808
  406584   403078  0.5883  0.5832
  399646   402107  0.5782  0.5818
  401759   403137  0.5813  0.5833
  393032   397887  0.5687  0.5757
  395665   399412  0.5725  0.5779
  394633   400025  0.5710  0.5788
  402863   406681  0.5829  0.5884
  412877   416781  0.5974  0.6030
  407832   420354  0.5901  0.6082
  394724   408360  0.5711  0.5908
  392105   393187  0.5673  0.5689
  386308   399955  0.5589  0.5787
  391791   396482  0.5669  0.5737
  398131   396551  0.5760  0.5738
  400706   407202  0.5798  0.5892
  400478   403914  0.5794  0.5844
  391367   398161  0.5663  0.5761
  393052   390013  0.5687  0.5643
  390167   388830  0.5645  0.5626
  393419   395444  0.5692  0.5722
  388669   391928  0.5624  0.5671
  390497   397908  0.5650  0.5757
  395074   405126  0.5716  0.5862
  409527   403982  0.5925  0.5845
  410465   406523  0.5939  0.5882
  403093   406504  0.5832  0.5882
  404828   410036  0.5857  0.5933
  393399   400883  0.5692  0.5800
  382965   388733  0.5541  0.5624
  393467   392679  0.5693  0.5682
  409622   415643  0.5927  0.6014
  414615   419988  0.5999  0.6077
  406638   419101  0.5883  0.6064
  405764   411980  0.5871  0.5961
  398273   406577  0.5762  0.5883
  400917   416745  0.5801  0.6030
  388787   410527  0.5625  0.5940
  393331   402865  0.5691  0.5829
  401868   414620  0.5814  0.5999
  408542   411315  0.5911  0.5951
  405204   413916  0.5863  0.5989
  401408   414336  0.5808  0.5995
  412442   424192  0.5967  0.6137
  403141   410298  0.5833  0.5936
  393822   410058  0.5698  0.5933
  386652   402029  0.5594  0.5817
  384259   401631  0.5560  0.5811
  398309   407627  0.5763  0.5898
  402023   406774  0.5817  0.5885
  389262   405264  0.5632  0.5864
  382649   393828  0.5536  0.5698
  388692   410934  0.5624  0.5946
  394902   411567  0.5714  0.5955
  396023   407788  0.5730  0.5900
  398718   411329  0.5769  0.5951
  404288   420995  0.5849  0.6091
  412230   423389  0.5964  0.6126
  401912   421199  0.5815  0.6094
  404144   422673  0.5847  0.6116
  406054   429340  0.5875  0.6212
  406147   422565  0.5876  0.6114
  401816   415397  0.5814  0.6010
  396409   418865  0.5735  0.6060
  396700   410089  0.5740  0.5933
  402751   421176  0.5827  0.6094
  404774   424715  0.5857  0.6145
  400918   417627  0.5801  0.6042
  402133   418270  0.5818  0.6052
  410789   420605  0.5944  0.6086
  403427   414268  0.5837  0.5994
  394064   410918  0.5702  0.5945
  395243   414527  0.5719  0.5998
  399470   415627  0.5780  0.6014
  406713   418487  0.5885  0.6055
  409182   425098  0.5920  0.6151
  397657   415536  0.5754  0.6012
  395605   405782  0.5724  0.5871
  396589   414367  0.5738  0.5995
  404520   420063  0.5853  0.6078
  404718   419970  0.5856  0.6076
  390497   412724  0.5650  0.5972
  391399   401898  0.5663  0.5815
  399803   415705  0.5785  0.6015
  407482   416954  0.5896  0.6033
  403567   416656  0.5839  0.6028
  409207   421666  0.5921  0.6101
  402028   419931  0.5817  0.6076
  406157   417655  0.5877  0.6043
  403639   414079  0.5840  0.5991
  398407   416792  0.5764  0.6030
  384478   411127  0.5563  0.5948
  391981   413380  0.5671  0.5981
  388978   402900  0.5628  0.5829
  376528   396294  0.5448  0.5734
  379983   395126  0.5498  0.5717
  380599   399679  0.5507  0.5783
  378303   393781  0.5474  0.5697
  380079   401627  0.5499  0.5811
  386063   403059  0.5586  0.5832
  392628   407425  0.5681  0.5895
  389278   413749  0.5632  0.5986
  403144   421646  0.5833  0.6101
  406498   427838  0.5881  0.6190
  408396   424723  0.5909  0.6145
  400544   419552  0.5795  0.6070
  388156   418168  0.5616  0.6050
  392425   408492  0.5678  0.5910
  386085   407843  0.5586  0.5901
  383346   400441  0.5546  0.5794
  387314   401825  0.5604  0.5814
  378115   401724  0.5471  0.5812
  387245   403989  0.5603  0.5845
  391489   408770  0.5664  0.5914
  398874   410574  0.5771  0.5940
  397461   407953  0.5751  0.5903
  382825   402666  0.5539  0.5826
  380322   399245  0.5503  0.5777
  384081   396374  0.5557  0.5735
  382876   394412  0.5540  0.5707
  371339   389392  0.5373  0.5634
  369102   382925  0.5340  0.5540
  371378   384527  0.5373  0.5564
  380825   392671  0.5510  0.5681
  380334   397622  0.5503  0.5753
  381125   397273  0.5514  0.5748
  379038   405530  0.5484  0.5867
  376461   405341  0.5447  0.5865
  381990   399088  0.5527  0.5774
  375870   400107  0.5438  0.5789
  376693   395929  0.5450  0.5729
  373167   392682  0.5399  0.5682
  377960   395722  0.5469  0.5726
  374491   391350  0.5418  0.5662
  373996   387676  0.5411  0.5609
  380165   395502  0.5500  0.5722
  387412   403603  0.5605  0.5840
  392623   403323  0.5681  0.5836
  390111   400938  0.5644  0.5801
  393066   399595  0.5687  0.5782
  388940   401661  0.5627  0.5811
  382158   398962  0.5529  0.5772
  378920   396127  0.5482  0.5731
  374477   394155  0.5418  0.5703
  386462   399152  0.5592  0.5775
  393391   396138  0.5692  0.5732
  374956   385680  0.5425  0.5580
  376894   385142  0.5453  0.5572
  377959   387727  0.5469  0.5610
  377097   386586  0.5456  0.5593
  389997   389255  0.5643  0.5632
  388064   393358  0.5615  0.5691
  399140   397732  0.5775  0.5755
  405944   401078  0.5873  0.5803
  407811   404967  0.5900  0.5859
  395365   400004  0.5720  0.5788
  398160   397079  0.5761  0.5745
  397971   393858  0.5758  0.5699
  394949   392940  0.5714  0.5685
  395510   393664  0.5722  0.5696
  393215   392447  0.5689  0.5678
  398232   398181  0.5762  0.5761
  400381   390834  0.5793  0.5655
  391527   385584  0.5665  0.5579
  390399   387416  0.5649  0.5605
  391504   392735  0.5665  0.5682
  410935   397511  0.5946  0.5751
  411444   401964  0.5953  0.5816
  407922   391007  0.5902  0.5657
  403065   393171  0.5832  0.5689
  412737   407179  0.5972  0.5891
  417934   412121  0.6047  0.5963
  408045   400651  0.5904  0.5797
  396669   395010  0.5739  0.5715
  396399   390659  0.5735  0.5652
  390452   389124  0.5649  0.5630
  388226   389343  0.5617  0.5633
  396414   386175  0.5736  0.5587
  401456   389705  0.5809  0.5639
  409777   401944  0.5929  0.5816
  411591   408025  0.5955  0.5904
  406777   403953  0.5886  0.5845
  411706   399553  0.5957  0.5781
  410603   397331  0.5941  0.5749
  410514   404144  0.5940  0.5847
  410070   410861  0.5933  0.5945
  407261   403010  0.5893  0.5831
  414182   409080  0.5993  0.5919
  414133   407637  0.5992  0.5898
  410142   406781  0.5934  0.5886
  403894   404923  0.5844  0.5859
  403034   407454  0.5831  0.5895
  409060   406463  0.5919  0.5881
  408910   405225  0.5916  0.5863
  406561   402861  0.5882  0.5829
  407826   399283  0.5901  0.5777
  399089   396438  0.5774  0.5736
  401252   399560  0.5806  0.5781
  397388   397872  0.5750  0.5757
  405773   402847  0.5871  0.5829
  410223   400709  0.5935  0.5798
  396673   394938  0.5739  0.5714
  388427   390888  0.5620  0.5656
  397112   394679  0.5746  0.5710
  399894   397745  0.5786  0.5755
  412459   414833  0.5968  0.6002
  412523   412756  0.5969  0.5972
  410808   406523  0.5944  0.5882
  404797   404857  0.5857  0.5858
  411461   411067  0.5953  0.5948
  414378   414061  0.5995  0.5991
  413399   413245  0.5981  0.5979
  409122   408159  0.5919  0.5906
  396161   401579  0.5732  0.5810
  399094   407138  0.5774  0.5891
  405093   413480  0.5861  0.5982
  393365   406412  0.5691  0.5880
  395592   399799  0.5724  0.5785
  396480   407116  0.5737  0.5890
  403338   411297  0.5836  0.5951
  415551   417801  0.6012  0.6045
  421571   420040  0.6100  0.6077
  413485   423249  0.5983  0.6124
  413905   417708  0.5989  0.6044
  400315   412456  0.5792  0.5968
  406065   409037  0.5875  0.5918
  396199   409808  0.5732  0.5929
  401987   410438  0.5816  0.5938
  401246   412531  0.5805  0.5969
  383324   398680  0.5546  0.5768
  404474   411633  0.5852  0.5956
  406033   403333  0.5875  0.5836
  395633   391934  0.5724  0.5671
  389492   394492  0.5635  0.5708
  389605   391949  0.5637  0.5671
  394051   402646  0.5701  0.5826
  401790   407824  0.5813  0.5901
  407802   412421  0.5900  0.5967
  400699   409904  0.5798  0.5931
  400502   399573  0.5795  0.5781
  396617   402234  0.5739  0.5820
  397764   399103  0.5755  0.5774
  387858   392985  0.5612  0.5686
  387869   396564  0.5612  0.5738
  392637   399213  0.5681  0.5776
  399790   405994  0.5784  0.5874
  402323   408642  0.5821  0.5912
  395767   404946  0.5726  0.5859
  393163   409555  0.5689  0.5926
  396792   407217  0.5741  0.5892
  382257   398785  0.5531  0.5770
  385161   399613  0.5573  0.5782
  389667   400507  0.5638  0.5795
  386083   397980  0.5586  0.5758
  392883   400618  0.5684  0.5796
  381945   390079  0.5526  0.5644
  376876   379301  0.5453  0.5488
  377021   388161  0.5455  0.5616
  383225   392923  0.5545  0.5685
  384720   397228  0.5566  0.5747
  385153   383080  0.5573  0.5543
  382076   385371  0.5528  0.5576
  383650   386477  0.5551  0.5592
  385334   378968  0.5575  0.5483
  392730   393998  0.5682  0.5701
  389099   391602  0.5630  0.5666
  378288   385831  0.5473  0.5582
  372334   379535  0.5387  0.5491
  371136   379934  0.5370  0.5497
  380916   382730  0.5511  0.5538
  382068   387401  0.5528  0.5605
  376441   391498  0.5447  0.5664
  386185   390616  0.5588  0.5652
  387108   390413  0.5601  0.5649
  388334   392066  0.5619  0.5673
  387005   395282  0.5599  0.5719
  388946   395392  0.5628  0.5721
  384606   396470  0.5565  0.5736
  386323   392562  0.5590  0.5680
  387524   397063  0.5607  0.5745
  389175   395419  0.5631  0.5721
  389953   397156  0.5642  0.5746
  391247   394905  0.5661  0.5714
  388038   391672  0.5614  0.5667
  393323   386360  0.5691  0.5590
  381321   387608  0.5517  0.5608
  380708   380762  0.5508  0.5509
  380213   384624  0.5501  0.5565
  381276   386139  0.5517  0.5587
  382915   380911  0.5540  0.5511
  383285   384320  0.5546  0.5561
  377900   381415  0.5468  0.5519
  367941   366320  0.5324  0.5300
  375719   376279  0.5436  0.5444
  386597   383315  0.5594  0.5546
  386197   379495  0.5588  0.5491
  375592   371991  0.5434  0.5382
  356014   347076  0.5151  0.5022
  379042   373878  0.5484  0.5410
  376833   370987  0.5452  0.5368
  374874   378583  0.5424  0.5478
  372789   374048  0.5394  0.5412
  365976   365409  0.5295  0.5287
  374324   374043  0.5416  0.5412
  371154   368146  0.5370  0.5327
  377183   370212  0.5457  0.5356
  374829   364929  0.5423  0.5280
  371035   363046  0.5368  0.5253
  379480   365610  0.5491  0.5290
  383267   374183  0.5545  0.5414
  387862   369861  0.5612  0.5351
  385126   373842  0.5572  0.5409
  391896   386939  0.5670  0.5598
  393626   391434  0.5695  0.5664
  395057   392484  0.5716  0.5679
  397477   399074  0.5751  0.5774
  400812   394337  0.5799  0.5706
  401125   387903  0.5804  0.5612
  389565   385340  0.5636  0.5575
 day_num  nit_num day_per nit_per PF
   97050    74953  0.1404  0.1084
  102319    79794  0.1480  0.1155
  100361    86334  0.1452  0.1249
  107324    84165  0.1553  0.1218
  105234    82898  0.1523  0.1199
  102626    80451  0.1485  0.1164
   95469    84434  0.1381  0.1222
   79970    63943  0.1157  0.0925
   97041    79042  0.1404  0.1144
   95544    75375  0.1382  0.1091
   96279    71282  0.1393  0.1031
   92378    77229  0.1337  0.1117
   82616    73327  0.1195  0.1061
   81900    65278  0.1185  0.0944
  107407    76889  0.1554  0.1112
  106444    85825  0.1540  0.1242
  102984    83363  0.1490  0.1206
  102504    77975  0.1483  0.1128
   99392    79250  0.1438  0.1147
  100034    78620  0.1447  0.1138
   99693    77317  0.1442  0.1119
  102875    80124  0.1488  0.1159
  107946    86745  0.1562  0.1255
  106220    84271  0.1537  0.1219
  102845    80563  0.1488  0.1166
  100072    83773  0.1448  0.1212
  103565    82797  0.1498  0.1198
  100969    80487  0.1461  0.1165
  107856    82222  0.1561  0.1190
  107572    84145  0.1556  0.1217
   99935    82367  0.1446  0.1192
  101172    77904  0.1464  0.1127
  101990    83740  0.1476  0.1212
   94383    84025  0.1366  0.1216
   94199    79311  0.1363  0.1148
   97728    76079  0.1414  0.1101
   99669    82858  0.1442  0.1199
  105623    80227  0.1528  0.1161
  105042    82554  0.1520  0.1194
  104153    80862  0.1507  0.1170
   95335    81329  0.1379  0.1177
   95791    79985  0.1386  0.1157
   96386    77910  0.1395  0.1127
   98543    77647  0.1426  0.1123
   96407    78024  0.1395  0.1129
  100323    81792  0.1452  0.1183
  108013    87658  0.1563  0.1268
  107456    92689  0.1555  0.1341
  106961    86131  0.1548  0.1246
  100071    86945  0.1448  0.1258
   95241    80058  0.1378  0.1158
   96805    83007  0.1401  0.1201
   94074    86957  0.1361  0.1258
  100254    82801  0.1451  0.1198
  106485    82411  0.1541  0.1192
  108273    84524  0.1567  0.1223
  104728    88170  0.1515  0.1276
   96527    86059  0.1397  0.1245
   92421    83435  0.1337  0.1207
   93363    77904  0.1351  0.1127
   98671    79720  0.1428  0.1153
  100497    83614  0.1454  0.1210
  101476    88534  0.1468  0.1281
   98589    90365  0.1426  0.1307
   95001    87654  0.1375  0.1268
   90855    86868  0.1315  0.1257
   93216    80344  0.1349  0.1162
   88413    81945  0.1279  0.1186
   98629    83859  0.1427  0.1213
   94705    83913  0.1370  0.1214
   93256    82784  0.1349  0.1198
   95473    89381  0.1381  0.1293
  105707    89338  0.1529  0.1293
  103890    95270  0.1503  0.1378
   99407    89876  0.1438  0.1300
   96409    90142  0.1395  0.1304
   93719    85088  0.1356  0.1231
  100767    83083  0.1458  0.1202
  107099    90826  0.1550  0.1314
  106912    92071  0.1547  0.1332
  106383    94829  0.1539  0.1372
  103424    95211  0.1496  0.1378
  100209    94616  0.1450  0.1369
   89746    86762  0.1299  0.1255
   94001    92492  0.1360  0.1338
   99024    89275  0.1433  0.1292
  103161    88994  0.1493  0.1288
   98303    92519  0.1422  0.1339
   94647    88019  0.1369  0.1274
   97284    90913  0.1408  0.1315
   83177    96525  0.1203  0.1397
  103838    97549  0.1502  0.1411
   95240    91205  0.1378  0.1320
   94208    90351  0.1363  0.1307
   95914    87809  0.1388  0.1270
  101223    90299  0.1465  0.1307
   98872    90108  0.1431  0.1304
   94920    92096  0.1373  0.1333
   94145    87782  0.1362  0.1270
   96787    86131  0.1400  0.1246
   97746    89214  0.1414  0.1291
   94011    87541  0.1360  0.1267
   97528    91291  0.1411  0.1321
  100094    87877  0.1448  0.1271
  103292    99105  0.1494  0.1434
   91391    90949  0.1322  0.1316
  100081    87822  0.1448  0.1271
  103629    96058  0.1499  0.1390
   97410    95767  0.1409  0.1386
   97934    90367  0.1417  0.1307
   96708    87435  0.1399  0.1265
  101756    91194  0.1472  0.1319
  101655    93460  0.1471  0.1352
  101009    94932  0.1461  0.1374
   95296    88131  0.1379  0.1275
   99441    93508  0.1439  0.1353
   95681    91519  0.1384  0.1324
   93405    86196  0.1351  0.1247
   88747    88036  0.1284  0.1274
   99512    85164  0.1440  0.1232
   94584    87956  0.1369  0.1273
   98074    84884  0.1419  0.1228
   94566    86733  0.1368  0.1255
   88861    87476  0.1286  0.1266
   90076    87081  0.1303  0.1260
   90087    82304  0.1303  0.1191
   94570    83993  0.1368  0.1215
   92271    92355  0.1335  0.1336
   92923    83197  0.1344  0.1204
   91356    83817  0.1322  0.1213
   97663    86893  0.1413  0.1257
   94463    87862  0.1367  0.1271
   91857    85416  0.1329  0.1236
   87991    79932  0.1273  0.1157
   90633    87178  0.1311  0.1261
   95296    85199  0.1379  0.1233
   98222    86117  0.1421  0.1246
   92447    92051  0.1338  0.1332
   93195    89929  0.1348  0.1301
   91036    87612  0.1317  0.1268
   86788    84518  0.1256  0.1223
   79544    76041  0.1151  0.1100
   86725    77222  0.1255  0.1117
   80506    79340  0.1165  0.1148
   80921    75670  0.1171  0.1095
   86609    73669  0.1253  0.1066
   86919    78097  0.1258  0.1130
   89191    82374  0.1290  0.1192
   92285    89420  0.1335  0.1294
   95433    92159  0.1381  0.1333
   96898    91177  0.1402  0.1319
   98332    90466  0.1423  0.1309
   92083    89112  0.1332  0.1289
   94427    86824  0.1366  0.1256
   93427    89797  0.1352  0.1299
   86019    81998  0.1245  0.1186
   80140    81051  0.1160  0.1173
   86444    82758  0.1251  0.1197
   84675    81552  0.1225  0.1180
   84253    82101  0.1219  0.1188
   88173    87440  0.1276  0.1265
   88772    88258  0.1284  0.1277
   84845    80866  0.1228  0.1170
   80637    81107  0.1167  0.1174
   76897    77884  0.1113  0.1127
   83109    77584  0.1202  0.1123
   85559    78771  0.1238  0.1140
   80581    79298  0.1166  0.1147
   77266    77943  0.1118  0.1128
   80974    75906  0.1172  0.1098
   81296    77639  0.1176  0.1123
   85784    76491  0.1241  0.1107
   84735    85018  0.1226  0.1230
   89008    86411  0.1288  0.1250
   81007    82543  0.1172  0.1194
   81546    79782  0.1180  0.1154
   86836    86126  0.1256  0.1246
   78961    79147  0.1142  0.1145
   85916    81196  0.1243  0.1175
   89137    84068  0.1290  0.1216
   86100    83374  0.1246  0.1206
   84899    77432  0.1228  0.1120
   83580    76383  0.1209  0.1105
       0        0  0.0000  0.0000
   87884    81390  0.1272  0.1178
   89812    84574  0.1299  0.1224
   90575    86877  0.1310  0.1257
   88995    89686  0.1288  0.1298
   84131    79256  0.1217  0.1147
   82675    78153  0.1196  0.1131
   84632    76651  0.1225  0.1109
   87483    76033  0.1266  0.1100
   87100    87162  0.1260  0.1261
   75644    75373  0.1094  0.1091
   78428    69390  0.1135  0.1004
   82248    77646  0.1190  0.1123
   77047    57963  0.1115  0.0839
   82252    81396  0.1190  0.1178
   83189    79092  0.1204  0.1144
   88647    82294  0.1283  0.1191
   92607    82613  0.1340  0.1195
   94836    85833  0.1372  0.1242
   89648    85685  0.1297  0.1240
   97801    83315  0.1415  0.1205
   93210    88869  0.1349  0.1286
   90367    86541  0.1307  0.1252
   90531    88246  0.1310  0.1277
   91269    82356  0.1321  0.1192
   86271    80888  0.1248  0.1170
   86129    81602  0.1246  0.1181
   88095    78923  0.1275  0.1142
   84165    79506  0.1218  0.1150
   85173    77067  0.1232  0.1115
   98097    85140  0.1419  0.1232
   96446    94296  0.1395  0.1364
   90518    91986  0.1310  0.1331
   84626    79951  0.1224  0.1157
   92407    80938  0.1337  0.1171
  102050    86862  0.1477  0.1257
   92734    87620  0.1342  0.1268
   85856    80802  0.1242  0.1169
   89832    79347  0.1300  0.1148
   94349    86160  0.1365  0.1247
   90428    80535  0.1308  0.1165
   96428    84694  0.1395  0.1225
   97473    87335  0.1410  0.1264
  101443    91985  0.1468  0.1331
   99252    94456  0.1436  0.1367
  101248    91609  0.1465  0.1325
  101561    90321  0.1469  0.1307
   92202    98116  0.1334  0.1420
  105539    95616  0.1527  0.1383
  106990    95650  0.1548  0.1384
  105050    98793  0.1520  0.1429
  107993    97019  0.1563  0.1404
  104094    87807  0.1506  0.1270
  103761    92949  0.1501  0.1345
  104106    93478  0.1506  0.1352
  103686    92081  0.1500  0.1332
  107896    93758  0.1561  0.1357
  109292    95271  0.1581  0.1378
  104948    95317  0.1518  0.1379
   99988    94988  0.1447  0.1374
   90711    86685  0.1312  0.1254
   96772    86242  0.1400  0.1248
   97806    86770  0.1415  0.1255
  100499    86159  0.1454  0.1247
  106150    91921  0.1536  0.1330
   98557    90856  0.1426  0.1315
   94262    84561  0.1364  0.1223
   98210    79973  0.1421  0.1157
   99818    87781  0.1444  0.1270
  107188    92564  0.1551  0.1339
  102532    91276  0.1483  0.1321
  103000    90134  0.1490  0.1304
  100919    87121  0.1460  0.1261
  111977    92630  0.1620  0.1340
  103350    93171  0.1495  0.1348
  102517    90460  0.1483  0.1309
   94896    91689  0.1373  0.1327
   96593    82471  0.1398  0.1193
  101777    81530  0.1473  0.1180
  103579    90343  0.1499  0.1307
  102156    90907  0.1478  0.1315
   99953    89561  0.1446  0.1296
   97062    86712  0.1404  0.1255
  100388    91246  0.1452  0.1320
  112821    95680  0.1632  0.1384
  107738   100883  0.1559  0.1460
  105784    97183  0.1531  0.1406
  102159    94146  0.1478  0.1362
   96414    89514  0.1395  0.1295
  103186    86808  0.1493  0.1256
   99224    86900  0.1436  0.1257
   78480   106155  0.1135  0.1536
   26025        0  0.0377  0.0000
   99343    62035  0.1437  0.0898
  101823    93587  0.1473  0.1354
   97221    88306  0.1407  0.1278
   93359    83854  0.1351  0.1213
   94628    84827  0.1369  0.1227
   98606    87733  0.1427  0.1269
  103939    88546  0.1504  0.1281
   99719    92422  0.1443  0.1337
  102283    89557  0.1480  0.1296
  100941    91772  0.1460  0.1328
   99767    89823  0.1443  0.1300
   94053    90361  0.1361  0.1307
  100411    91789  0.1453  0.1328
   93301    90607  0.1350  0.1311
   91140    85459  0.1319  0.1236
   96173    82687  0.1391  0.1196
   95085    83543  0.1376  0.1209
   95659    83941  0.1384  0.1215
   95094    82681  0.1376  0.1196
   92417    82878  0.1337  0.1199
   94328    86053  0.1365  0.1245
   90407    82839  0.1308  0.1199
   92769    80073  0.1342  0.1159
   96736    89968  0.1400  0.1302
   91743    85715  0.1327  0.1240
   91033    82982  0.1317  0.1201
   83732    79131  0.1211  0.1145
   83859    74027  0.1213  0.1071
   88331    78114  0.1278  0.1130
   82385    78784  0.1192  0.1140
   89980    77429  0.1302  0.1120
   89970    86215  0.1302  0.1247
   89671    80290  0.1297  0.1162
   86002    74980  0.1244  0.1085
   94230    78068  0.1363  0.1130
   92240    85637  0.1335  0.1239
   90000    89069  0.1302  0.1289
   90554    83286  0.1310  0.1205
   88359    83407  0.1278  0.1207
   87320    84976  0.1263  0.1229
   93520    85175  0.1353  0.1232
   97455    87612  0.1410  0.1268
   95743    86207  0.1385  0.1247
   91833    85475  0.1329  0.1237
   88198    84242  0.1276  0.1219
   86924    82361  0.1258  0.1192
   94532    85731  0.1368  0.1240
   97097    88362  0.1405  0.1278
  100147    93388  0.1449  0.1351
   96051    87595  0.1390  0.1267
   97222    85602  0.1407  0.1239
   95843    84845  0.1387  0.1228
   92325    85024  0.1336  0.1230
   88648    85447  0.1283  0.1236
   90731    80912  0.1313  0.1171
   93844    87991  0.1358  0.1273
   91593    85033  0.1325  0.1230
   92228    82470  0.1334  0.1193
   95342    82347  0.1379  0.1191
   92953    83302  0.1345  0.1205
   96056    82920  0.1390  0.1200
   91416    80482  0.1323  0.1164
   87486    81461  0.1266  0.1179
   82344    72519  0.1191  0.1049
   89240    78898  0.1291  0.1142
   97746    84621  0.1414  0.1224
   95986    90041  0.1389  0.1303
   87765    84933  0.1270  0.1229
   80105    71910  0.1159  0.1040
   93311    75745  0.1350  0.1096
   92096    77217  0.1333  0.1117
   89592    83598  0.1296  0.1210
   79433    78341  0.1149  0.1133
   94525    66544  0.1368  0.0963
   88198    78868  0.1276  0.1141
   95669    77230  0.1384  0.1117
   94992    78209  0.1374  0.1132
   93668    80597  0.1355  0.1166
   90850    79084  0.1314  0.1144
   94863    82629  0.1373  0.1196
   95391    80581  0.1380  0.1166
   85747    79177  0.1241  0.1146
   94697    77523  0.1370  0.1122
   94197    80806  0.1363  0.1169
   99888    82988  0.1445  0.1201
   94890    86037  0.1373  0.1245
   97793    81617  0.1415  0.1181
   93250    83557  0.1349  0.1209
  100596    84227  0.1455  0.1219
   63321    84078  0.0916  0.1216
